%YAML:1.0
---
camera_matrix_left: !!opencv-matrix
   rows: 3
   cols: 3
   dt: d
   data: [ 430.98267286999999, 0., 319.88342239999997, 0.,
       430.33618634999999, 269.58861783999998, 0., 0., 1. ]
dist_coeffs_left: !!opencv-matrix
   rows: 1
   cols: 5
   dt: d
   data: [ -0.40723963000000002, 0.21604246999999999,
       0.00061550000000000005, -0.00053859000000000003,
       -0.070282189999999994 ]
camera_matrix_right: !!opencv-matrix
   rows: 3
   cols: 3
   dt: d
   data: [ 430.93855923000001, 0., 326.65158829000001, 0.,
       430.23965586000003, 266.83239064000003, 0., 0., 1. ]
dist_coeffs_right: !!opencv-matrix
   rows: 1
   cols: 5
   dt: d
   data: [ -0.408741248, 0.21419460600000001, 0.00045914122899999999,
       0.00023937355400000001, -0.062688217700000007 ]
R: !!opencv-matrix
   rows: 3
   cols: 3
   dt: d
   data: [ 0.99796426929143844, 0.051778513275808326,
       -0.037233087174612371, -0.050773528556182675, 0.99833289994450825,
       0.027449402294822626, 0.038592305134052908, -0.0255030674887444,
       0.99892954082512986 ]
T: !!opencv-matrix
   rows: 3
   cols: 1
   dt: d
   data: [ -0.29441444537038525, 0.0066970610855167706,
       -0.015620255476277201 ]
